101 Gpro 80.0 1 3
102 hyperXcloudII 80.0 2 2
103 pc_gaming 800.0 4 8
104 pc_razer 800.0 4 2
105 souris_corsair 70.0 2 1
0  75329116855970161030595071101108224.0 1483892080 1970236515
541673828 80.0 2 3
103 pc_gaming 800.0 4 8
104 pc_razer 800.0 4 2
105 souris_corsair 70.0 2 1
0  3026017732909370129252352.0 1919250553 1869374296
1229546613  80.00 2 3
103 pc_gaming 800.00 4 8
104 pc_razer 800.00 4 2
105 souris_corsair 70.00 2 2
106 tapis_souris 70.00 2 2
107 tapis_souris 70.00 2 2
 0.0 540291121 1918854000
 0.0 1600352288 1702519154
808984690 0.0 4 2
105 souris_corsair 70.0 2 1
0  3026017732909370129252352.0 1919250553 1869374296
1229546613  80.00 2 3
103 pc_gaming 800.00 4 8
104 pc_razer 800.00 4 2
105 souris_corsair 70.00 2 2
106 tapis_souris 70.00 2 2
107 tapis_souris 70.00 2 2
 0.0 540291121 1918854000
 0.0 857743408 808858160
859256625 2909370129252352.0 1919250553 1869374296
1229546613  80.00 2 3
103 pc_gaming 800.00 4 8
104 pc_razer 800.00 4 2
105 souris_corsair 70.00 2 2
106 tapis_souris 70.00 2 2
107 tapis_souris 70.00 2 2
 0.0 540291121 1918854000
 0.0 909718068 842150154
909391161 613  80.00 2 3
103 pc_gaming 800.00 4 8
104 pc_razer 800.00 4 2
105 souris_corsair 70.00 2 2
106 tapis_souris 70.00 2 2
107 tapis_souris 70.00 2 2
 0.0 540291121 1918854000
 0.0 171450420 540291121
1918854000 azer 800.00 4 2
105 souris_corsair 70.00 2 2
106 tapis_souris 70.00 2 2
107 tapis_souris 70.00 2 2
 0.0 540291121 1918854000
 0.0 808463920 840970784
909127946  tapis_souris 70.00 2 2
107 tapis_souris 70.00 2 2
 0.0 540291121 1918854000
 75320248411595771480918458368.0 1936290421 774911776
840970288  2
 0.0 540291121 1918854000
 0.0 0 0
